start_date,creates,edits,deletes,total
2024-06-01,0,46,0,46
2024-06-02,55,171,1,227
2024-06-03,7,86,0,93
2024-06-04,4,37,0,41
2024-06-05,1,22,0,23
2024-06-06,0,490,2,492
2024-06-07,1,47,1,49
2024-06-08,0,88,29,117
2024-06-09,10,271,3,284
2024-06-10,1,40,0,41
2024-06-11,1,51,0,52
2024-06-12,0,18,0,18
2024-06-13,5,411,3,419
2024-06-14,0,531,6,537
2024-06-15,0,309,3,312
2024-06-16,1,365,2,368
2024-06-17,3,307,1,311
2024-06-18,0,66,0,66
2024-06-19,3,62,1,66
2024-06-20,1,72,0,73
2024-06-21,17,41,3,61
2024-06-22,0,55,0,55
2024-06-23,1,25,0,26
2024-06-24,8,16,0,24
2024-06-25,0,12,0,12
2024-06-26,2,54,0,56
2024-06-27,1,36,0,37
2024-06-28,5,53,0,58
2024-06-29,3,70,0,73
2024-06-30,1,29,0,30
2024-07-01,68,96,3,167
2024-07-02,58,81,2,141
2024-07-03,230,29,5,264
2024-07-04,0,17,0,17
2024-07-05,0,30,1,31
2024-07-06,0,13,0,13
2024-07-07,0,31,1,32
2024-07-08,10,68,0,78
2024-07-09,26,50,11,87
2024-07-10,0,19,0,19
2024-07-11,3,92,1,96
2024-07-12,0,17,0,17
2024-07-13,1,56,0,57
2024-07-14,1,36,1,38
2024-07-15,4,26,0,30
2024-07-16,3,48,2,53
2024-07-17,17,89,2,108
2024-07-18,0,75,0,75
2024-07-19,0,56,0,56
2024-07-20,0,62,0,62
2024-07-21,0,28,0,28
2024-07-22,0,30,0,30
2024-07-23,0,51,0,51
2024-07-24,0,44,1,45
2024-07-25,7,58,2,67
2024-07-26,27,51,4,82
2024-07-27,0,36,0,36
2024-07-28,1,15,1,17
2024-07-29,3,18,0,21
2024-07-30,10,94,2,106
2024-07-31,3,67,2,72
2024-08-01,8,74,4,86
2024-08-02,49,71,1,121
2024-08-03,0,35,1,36
2024-08-04,85,410,10,505
2024-08-05,0,45,3,48
2024-08-06,0,18,0,18
2024-08-07,6,83,1,90
2024-08-08,0,33,0,33
2024-08-09,228,300,110,638
2024-08-10,123,313,21,457
2024-08-11,1,205,5,211
2024-08-12,0,102,0,102
2024-08-13,0,40,0,40
2024-08-14,2,97,7,106
2024-08-15,928,297,203,1428
2024-08-16,6,77,2,85
2024-08-17,0,32,16,48
2024-08-18,0,6,0,6
2024-08-19,9,55,1,65
2024-08-20,18,64,1,83
2024-08-21,0,49,0,49
2024-08-22,4,132,0,136
2024-08-23,24,276,2,302
2024-08-24,2,71,5,78
2024-08-25,0,57,0,57
2024-08-26,13,119,2,134
2024-08-27,0,53,0,53
2024-08-28,0,73,1,74
2024-08-29,0,76,4,80
2024-08-30,0,31,0,31
2024-08-31,1,58,0,59
2024-09-01,1,51,0,52
2024-09-02,1,86,3,90
2024-09-03,0,45,1,46
2024-09-04,0,51,0,51
2024-09-05,1,36,0,37
2024-09-06,8,59,0,67
2024-09-07,0,10,0,10
2024-09-08,0,32,1,33
2024-09-09,18,35,1,54
2024-09-10,0,51,0,51
2024-09-11,0,13,0,13
2024-09-12,3,75,3,81
2024-09-13,126,61,1,188
2024-09-14,2,63,3,68
2024-09-15,0,49,0,49
2024-09-16,4,12,0,16
2024-09-17,1,50,0,51
2024-09-18,0,67,0,67
2024-09-19,35,111,0,146
2024-09-20,9,50,0,59
2024-09-21,14,35,7,56
2024-09-22,147,122,3,272
2024-09-23,852,674,101,1627
2024-09-24,0,95,1,96
2024-09-25,3,37,0,40
2024-09-26,18,111,5,134
2024-09-27,9,59,15,83
2024-09-28,2,61,0,63
2024-09-29,0,111,0,111
2024-09-30,2,79,0,81
2024-10-01,7,25,6,38
2024-10-02,0,13,4,17
2024-10-03,4,20,2,26
2024-10-04,11,49,2,62
2024-10-05,7,30,5,42
2024-10-06,0,42,1,43
2024-10-07,60,315,64,439
2024-10-08,1,11,0,12
2024-10-09,1,15,0,16
2024-10-10,1,33,0,34
2024-10-11,3,145,1,149
2024-10-12,1,30,0,31
2024-10-13,11,251,11,273
2024-10-14,6,68,1,75
2024-10-15,10,30,1,41
2024-10-16,16,50,6,72
2024-10-17,0,38,0,38
2024-10-18,1,49,0,50
2024-10-19,2,51,0,53
2024-10-20,2,33,3,38
2024-10-21,0,19,0,19
2024-10-22,7,38,5,50
2024-10-23,18,102,4,124
2024-10-24,0,39,3,42
2024-10-25,1,48,4,53
2024-10-26,0,7,0,7
2024-10-27,10,60,1,71
2024-10-28,0,8,0,8
2024-10-29,0,0,0,0
2024-10-30,0,0,0,0
total,3546,12726,765,17037
